Generating a Random 5 by 5 symmetric matrix:

         8          4          9          1         10 
         4          5         10          3          4 
         9         10         10          1          7 
         1          3          1          7          5 
        10          4          7          5         10 




Jacobi Diagonalized matrix:

     -3.84  -1.32e-23   5.09e-12  -1.15e-13   1.95e-15 
 -2.19e-16      -2.02    2.8e-13   1.08e-20  -5.99e-08 
  5.09e-12    2.8e-13       5.88          0  -4.49e-10 
 -1.14e-13  -2.12e-16   1.25e-16       8.13   2.83e-10 
  1.99e-15  -5.99e-08  -4.49e-10   2.83e-10       31.9 


Determined Eigenvectors:
Number of sweeps 6
Eigenvectors:

     -0.33      0.641       0.48     0.0604      0.497 
    -0.662     -0.238     -0.557      0.226      0.378 
     0.658     0.0589     -0.254       0.44      0.552 
      0.13      0.354     -0.486     -0.765      0.192 
    0.0495     -0.635      0.398     -0.409      0.518 


V^TV:

         1  -9.02e-17  -1.01e-16  -8.33e-17  -1.73e-16 
 -9.02e-17          1  -5.55e-17  -5.55e-17   1.67e-16 
 -1.01e-16  -5.55e-17          1          0   2.78e-17 
 -8.33e-17  -5.55e-17          0          1   5.55e-17 
 -1.73e-16   1.67e-16   2.78e-17   5.55e-17          1 


VV^T:

         1   3.33e-16   2.22e-16   9.71e-17   1.67e-16 
  3.33e-16          1   8.33e-17  -5.55e-17   1.11e-16 
  2.22e-16   8.33e-17          1   5.55e-17   1.11e-16 
  9.71e-17  -5.55e-17   5.55e-17          1   5.55e-17 
  1.67e-16   1.11e-16   1.11e-16   5.55e-17          1 


V^T A V equals Diagonalized matrix: True


V D V^T equals Original matrix: True


